R1 = 5e+6;
R2 = 5e+6;
R3 = 5e+6;
C1 = 1e-7;
C2 = 1e-7;